-1-
0 0 0 0 0 0 0 0
0 0 0 0 0 0 0 0
0 0 0 0 1 1 1 0
0 0 0 1 1 1 1 0
0 0 1 1 1 1 1 0
0 1 1 1 0 1 1 0
0 1 1 0 0 1 1 0
0 0 0 0 0 1 1 0
- - - - - - - -
0 0 0 0 0 1 1 0
0 0 0 0 0 1 1 0
0 0 0 0 0 1 1 0
0 0 0 0 0 1 1 0
0 0 0 0 0 1 1 0
0 0 0 0 0 0 0 0
0 0 0 0 0 0 0 0

-2-
0 0 0 0 0 0 0 0
0 0 0 0 0 0 0 0
0 1 1 1 1 1 0 0
1 1 1 1 1 1 1 0
1 1 0 0 0 1 1 0
0 0 0 0 0 1 1 0
0 0 0 0 0 1 1 0
0 0 0 0 1 1 1 0
- - - - - - - - 
0 0 0 1 1 1 0 0
0 0 1 1 1 0 0 0
0 1 1 1 0 0 0 0
1 1 1 0 0 0 0 0
1 1 1 1 1 1 1 0
1 1 1 1 1 1 1 0
0 0 0 0 0 0 0 0
0 0 0 0 0 0 0 0

-3-
0 0 0 0 0 0 0 0
0 0 0 0 0 0 0 0
0 1 1 1 1 1 0 0
1 1 1 1 1 1 1 0
1 1 0 0 0 1 1 0
0 0 0 0 0 1 1 0
0 0 0 0 0 1 1 0
0 0 0 1 1 1 0 0
- - - - - - - -
0 0 0 1 1 1 0 0
0 0 0 0 0 1 1 0
0 0 0 0 0 1 1 0
1 1 0 0 0 1 1 0
1 1 1 1 1 1 1 0
0 1 1 1 1 1 0 0
0 0 0 0 0 0 0 0
0 0 0 0 0 0 0 0

-4-
0 0 0 0 0 0 0 0
0 0 0 0 0 0 0 0
0 0 0 1 1 0 0 0
0 0 0 1 1 0 0 0
0 0 1 1 0 0 0 0
0 0 1 1 0 0 0 0
0 1 1 0 0 0 0 0
0 1 1 0 0 0 0 0
- - - - - - - -
1 1 0 0 0 0 0 0
1 1 0 1 1 0 0 0
1 1 1 1 1 1 1 0
1 1 1 1 1 1 1 0
0 0 0 1 1 0 0 0
0 0 0 1 1 0 0 0
0 0 0 0 0 0 0 0
0 0 0 0 0 0 0 0

-5-
0 0 0 0 0 0 0 0
0 0 0 0 0 0 0 0
1 1 1 1 1 1 1 0
1 1 1 1 1 1 1 0
1 1 0 0 0 0 0 0
1 1 0 0 0 0 0 0
1 1 1 1 1 1 0 0
1 1 1 1 1 1 1 0
- - - - - - - -
0 0 0 0 0 1 1 0
0 0 0 0 0 1 1 0
0 0 0 0 0 1 1 0
1 1 0 0 0 1 1 0
1 1 1 1 1 1 1 0
0 1 1 1 1 1 0 0
0 0 0 0 0 0 0 0
0 0 0 0 0 0 0 0

-6-
0 0 0 0 0 0 0 0
0 0 0 0 0 0 0 0
0 1 1 1 1 1 0 0
1 1 1 1 1 1 1 0
1 1 0 0 0 1 1 0
1 1 0 0 0 0 0 0
1 1 0 0 0 0 0 0
1 1 1 1 1 1 0 0
- - - - - - - -
1 1 1 1 1 1 1 0
1 1 0 0 0 1 1 0
1 1 0 0 0 1 1 0
1 1 0 0 0 1 1 0
1 1 1 1 1 1 1 0
0 1 1 1 1 1 0 0
0 0 0 0 0 0 0 0
0 0 0 0 0 0 0 0

-7-
0 0 0 0 0 0 0 0
0 0 0 0 0 0 0 0
1 1 1 1 1 1 1 0
1 1 1 1 1 1 1 0
1 1 0 0 0 1 1 0
0 0 0 0 0 1 1 0
0 0 0 0 1 1 0 0
0 0 0 0 1 1 0 0
- - - - - - - -
0 0 0 1 1 0 0 0
0 0 0 1 1 0 0 0
0 0 1 1 0 0 0 0
0 0 1 1 0 0 0 0
0 1 1 0 0 0 0 0
0 1 1 0 0 0 0 0
0 0 0 0 0 0 0 0
0 0 0 0 0 0 0 0

-8-
0 0 0 0 0 0 0 0
0 0 0 0 0 0 0 0
0 1 1 1 1 1 0 0
1 1 1 1 1 1 1 0
1 1 0 0 0 1 1 0
1 1 0 0 0 1 1 0
1 1 0 0 0 1 1 0
0 1 1 1 1 1 0 0
- - - - - - - -
1 1 1 1 1 1 1 0
1 1 0 0 0 1 1 0
1 1 0 0 0 1 1 0
1 1 0 0 0 1 1 0
1 1 1 1 1 1 1 0
0 1 1 1 1 1 0 0
0 0 0 0 0 0 0 0
0 0 0 0 0 0 0 0

-9-
0 0 0 0 0 0 0 0
0 0 0 0 0 0 0 0
0 1 1 1 1 1 0 0
1 1 1 1 1 1 1 0
1 1 0 0 0 1 1 0
1 1 0 0 0 1 1 0
1 1 1 1 1 1 1 0
0 1 1 1 1 1 1 0
- - - - - - - -
0 0 0 0 0 1 1 0
0 0 0 0 0 1 1 0
0 0 0 0 0 1 1 0
1 1 0 0 0 1 1 0
1 1 1 1 1 1 1 0
0 1 1 1 1 1 0 0
0 0 0 0 0 0 0 0
0 0 0 0 0 0 0 0

-0-
0 0 0 0 0 0 0 0
0 0 0 0 0 0 0 0
0 1 1 1 1 1 0 0
1 1 1 1 1 1 1 0
1 1 0 0 0 1 1 0
1 1 0 0 0 1 1 0
1 1 0 0 1 1 1 0
1 1 0 1 1 1 1 0
- - - - - - - -
1 1 1 1 0 1 1 0
1 1 1 0 0 1 1 0
1 1 0 0 0 1 1 0
1 1 0 0 0 1 1 0
1 1 1 1 1 1 1 0
0 1 1 1 1 1 0 0 
0 0 0 0 0 0 0 0
0 0 0 0 0 0 0 0

-UP-
0 0 0 0 0 0 0 0
0 0 0 0 0 0 0 0
0 0 0 1 1 0 0 0
0 0 1 1 1 1 0 0
0 1 1 1 1 1 1 0
1 1 1 1 1 1 1 1
1 1 0 1 1 0 1 1 
0 0 0 1 1 0 0 0
- - - - - - - -
0 0 0 1 1 0 0 0
0 0 0 1 1 0 0 0
0 0 0 1 1 0 0 0
0 0 0 1 1 0 0 0
0 0 0 1 1 0 0 0
0 0 0 1 1 0 0 0
0 0 0 0 0 0 0 0
0 0 0 0 0 0 0 0

-DOWN-
0 0 0 0 0 0 0 0
0 0 0 0 0 0 0 0
0 0 0 1 1 0 0 0
0 0 0 1 1 0 0 0
0 0 0 1 1 0 0 0
0 0 0 1 1 0 0 0
0 0 0 1 1 0 0 0
0 0 0 1 1 0 0 0
- - - - - - - -
0 0 0 1 1 0 0 0
1 1 0 1 1 0 1 1
1 1 1 1 1 1 1 1
0 1 1 1 1 1 1 0
0 0 1 1 1 1 0 0
0 0 0 1 1 0 0 0
0 0 0 0 0 0 0 0
0 0 0 0 0 0 0 0

-MINUS-
0 0 0 0 0 0 0 0
0 0 0 0 0 0 0 0
0 0 0 0 0 0 0 0
0 0 0 0 0 0 0 0
0 0 0 0 0 0 0 0
0 0 0 0 0 0 0 0
0 0 0 0 0 0 0 0
1 1 1 1 1 1 1 0
- - - - - - - -
1 1 1 1 1 1 1 0
0 0 0 0 0 0 0 0
0 0 0 0 0 0 0 0
0 0 0 0 0 0 0 0
0 0 0 0 0 0 0 0
0 0 0 0 0 0 0 0
0 0 0 0 0 0 0 0
0 0 0 0 0 0 0 0

-P-
0 0 0 0 0 0 0 0
0 0 0 0 0 0 0 0
1 1 1 1 1 1 0 0
1 1 1 1 1 1 1 0
1 1 0 0 0 1 1 0
1 1 0 0 0 1 1 0
1 1 0 0 0 1 1 0
1 1 1 1 1 1 1 0
- - - - - - - -
1 1 1 1 1 1 0 0
1 1 0 0 0 0 0 0
1 1 0 0 0 0 0 0
1 1 0 0 0 0 0 0
1 1 0 0 0 0 0 0
1 1 0 0 0 0 0 0
0 0 0 0 0 0 0 0
0 0 0 0 0 0 0 0

-r-
0 0 0 0 0 0 0 0
0 0 0 0 0 0 0 0
0 0 0 0 0 0 0 0
0 0 0 0 0 0 0 0
0 0 0 0 0 0 0 0
1 1 0 1 1 1 0 0
1 1 1 1 1 1 1 0
1 1 1 0 0 0 1 0
- - - - - - - -
1 1 0 0 0 0 0 0
1 1 0 0 0 0 0 0
1 1 0 0 0 0 0 0
1 1 0 0 0 0 0 0
1 1 0 0 0 0 0 0
1 1 0 0 0 0 0 0
0 0 0 0 0 0 0 0
0 0 0 0 0 0 0 0
